sededu/modules/rivers/rain_table/dem.txt
ncols	406																																																																																																																																																																																																																																																																																																																																																																																																																				
nrows	218																																																																																																																																																																																																																																																																																																																																																																																																																				
xllcorner	-76.72039795																																																																																																																																																																																																																																																																																																																																																																																																																				
yllcorner	39.46124268																																																																																																																																																																																																																																																																																																																																																																																																																				
cellsize	9.26E-05																																																																																																																																																																																																																																																																																																																																																																																																																				
NODATA_value	-9999																																																																																																																																																																																																																																																																																																																																																																																																																				
[rows 84 to 111 of 218, columns 192 to 255 of 406]
169.7503 169.459 169.0402 168.5461 167.9006 167.1405 166.3824 165.5008 164.4764 162.8809 160.6241 158.5461 157.5926 157.5039 157.8536 158.4686 159.043 159.1286 158.7837 157.7945 155.9347 153.6481 151.7079 150.1092 148.6015 147.1342 145.8288 144.9527 144.5693 145.1639 147.0258 149.528 151.8732 154.2186 156.4486 158.415 160.5258 162.3862 163.787 164.7695 165.5161 166.2289 166.8835 167.4454 167.9048 168.2634 168.5442 168.7687 168.9644 169.1565 169.3524 169.5375 169.6955 169.8308 169.9599 170.091 170.215 170.2972 170.334 170.3287 170.2833 170.227 170.163 170.0593
168.3555 168.1202 167.9631 167.5945 167.0436 166.4702 165.8331 165.0651 163.8507 162.0844 160.0888 158.379 157.3332 156.9043 157.2137 157.9864 158.4649 158.5173 158.0864 156.9439 155.029 152.8496 151.1182 149.6423 148.1441 146.7191 145.5179 144.5943 144.1548 144.5644 146.1445 148.7177 151.3495 153.9679 156.4719 158.5808 160.4479 162.2118 163.7113 164.7738 165.524 166.2024 166.758 167.179 167.5126 167.7756 167.9806 168.1927 168.4095 168.5976 168.7747 168.9785 169.1442 169.267 169.388 169.5215 169.6575 169.7574 169.8231 169.8409 169.807 169.7997 169.7599 169.6593
166.6878 166.8936 166.8457 166.5868 166.2178 165.7628 165.2063 164.4695 163.1839 161.4995 159.7883 158.2406 157.236 156.7066 156.7098 157.1638 157.5511 157.5411 157.0321 155.8232 154.0741 152.3928 150.8494 149.3812 147.9218 146.5341 145.3717 144.4232 143.8708 144.1662 145.7311 148.4701 151.5572 154.4021 156.8976 159.0256 160.7243 162.3291 163.7907 164.8067 165.4153 165.9911 166.4562 166.7766 167.0112 167.2138 167.4402 167.5724 167.6962 167.8919 168.0874 168.2796 168.4719 168.6208 168.7319 168.8875 169.0983 169.2259 169.2809 169.3713 169.4802 169.4961 169.411 169.311
165.6935 165.8811 165.7916 165.5632 165.2725 164.9345 164.4109 163.3684 162.0105 160.6292 159.272 157.963 156.9438 156.2203 155.9198 156.0161 156.1068 156.0226 155.5596 154.707 153.6496 152.4686 150.9951 149.3885 147.8503 146.4522 145.2656 144.2977 143.6986 143.7841 145.1845 148.2905 151.8404 154.8223 157.1731 159.1459 160.8055 162.3844 163.8129 164.7837 165.2803 165.6845 166.0392 166.3062 166.4997 166.6646 166.8278 166.8942 166.9644 167.1201 167.2867 167.4658 167.6841 167.8986 168.0701 168.2506 168.5003 168.6684 168.8344 169.0353 169.1013 169.119 169.0861 169.0047
164.6108 164.7949 164.7241 164.5469 164.284 163.7723 162.8285 161.6528 160.4831 159.3933 158.3028 157.1474 155.9985 155.0503 154.5289 154.4504 154.5425 154.5347 154.3718 154.0046 153.3972 152.5576 151.2045 149.5146 147.8527 146.3998 145.1615 143.941 143.249 143.3091 144.4361 147.5661 151.5448 154.7989 157.0638 158.9142 160.4357 162.0345 163.554 164.5505 165.0072 165.2958 165.5362 165.7339 165.8931 166.0196 166.1328 166.2552 166.3208 166.344 166.4442 166.6051 166.8003 167.003 167.1957 167.394 167.6455 167.9599 168.2567 168.4687 168.6167 168.7075 168.7403 168.7057
162.3842 162.86 162.9126 162.685 162.2156 161.4664 160.4436 159.3824 158.4684 157.5973 156.5561 155.3626 154.2638 153.4086 152.9369 152.8856 153.0866 153.4578 153.7805 153.7345 153.2752 152.5806 151.2885 149.5644 147.8503 146.3219 144.8833 143.1826 142.2108 142.4156 143.4943 146.0825 150.4781 154.2963 156.4452 158.2435 159.6427 161.1241 162.6653 163.8776 164.5886 164.8989 165.0521 165.1518 165.2269 165.3301 165.4285 165.5031 165.5316 165.5412 165.5995 165.7188 165.8833 166.0809 166.2799 166.5107 166.9598 167.35 167.6199 167.9056 168.1362 168.2996 168.3846 168.3878
158.6196 159.6708 160.1927 160.1191 159.6092 158.7887 157.9118 157.0095 156.099 155.1506 154.1599 153.2313 152.4799 151.8804 151.5153 151.5661 152.0403 152.7641 153.3408 153.438 153.0654 152.3873 151.1209 149.4061 147.7317 146.1814 144.3362 142.2362 140.9785 141.1873 142.4617 144.7408 149.1709 153.2164 155.2823 157.0273 158.4104 159.7329 161.142 162.4674 163.4308 163.9413 164.2318 164.4767 164.6611 164.7517 164.8027 164.8188 164.8228 164.8331 164.838 164.8815 165.0141 165.2232 165.4954 165.8459 166.1961 166.5671 166.959 167.3209 167.6313 167.86 168.0001 168.0446
156.3501 157.1112 157.6074 157.653 157.1972 156.3667 155.4046 154.4144 153.4303 152.5059 151.6891 150.9641 150.3145 149.8446 149.7249 150.0672 150.8343 151.8148 152.6144 152.8722 152.5436 151.807 150.6248 149.0605 147.4241 145.7359 143.5283 141.1933 139.7589 139.9167 141.5007 144.019 147.9248 151.7073 154.0341 155.6334 157.0005 158.2145 159.317 160.3858 161.2954 161.8657 162.2708 162.6348 162.9377 163.1919 163.3874 163.4933 163.5578 163.6471 163.7675 163.9411 164.1915 164.4868 164.795 165.1249 165.4411 165.8036 166.263 166.7516 167.1507 167.4418 167.6177 167.681
153.7547 154.0804 154.2614 154.2978 154.0633 153.4601 152.542 151.5709 150.6293 149.7275 148.9128 148.1893 147.5695 147.1858 147.2258 147.7799 148.7955 150.1354 151.2586 151.7145 151.5149 150.8353 149.7872 148.4656 146.9101 144.9774 142.5426 140.2371 138.9658 139.2862 141.0559 143.6282 146.8637 150.2348 152.8116 154.3105 155.5137 156.6022 157.5002 158.225 158.8066 159.2796 159.6078 159.8333 160.0516 160.2796 160.5053 160.8037 161.1727 161.6475 162.3016 162.8154 163.2412 163.6954 164.1319 164.5185 164.8579 165.2396 165.7444 166.3082 166.7652 167.0903 167.2933 167.3744
150.9915 151.1867 151.1737 151.1873 151.0423 150.4108 149.3237 148.2325 147.361 146.645 146.007 145.442 144.9902 144.7882 144.9284 145.4734 146.5413 147.9595 149.1788 149.7535 149.7209 149.3519 148.6015 147.6609 146.3422 144.1039 141.409 139.3346 138.7063 139.4105 141.1161 143.4244 146.0802 148.9406 151.4446 152.9706 154.0299 154.9147 155.5684 156.0029 156.3977 156.744 156.9415 157.0769 157.2788 157.4991 157.7553 158.0891 158.5859 159.3058 160.2189 161.3221 162.2946 162.9611 163.4684 163.9489 164.4233 164.9232 165.4748 166.0282 166.4897 166.8281 167.0317 167.1166
147.4293 147.9209 148.1395 148.1295 147.862 147.1194 145.9558 145.047 144.5306 144.126 143.7099 143.2861 142.8351 142.5106 142.5603 143.2022 144.5302 146.1022 147.2684 147.846 148.0499 147.847 147.3448 146.6428 145.2693 142.828 140.3189 138.7766 138.7063 139.6053 141.254 143.3282 145.5812 147.849 149.9218 151.521 152.5858 153.2278 153.5459 153.6728 153.786 153.8537 153.8742 153.9846 154.3087 154.8574 155.6829 156.3864 156.9896 157.877 158.9942 160.2658 161.4747 162.3737 162.9726 163.5505 164.1282 164.6971 165.2797 165.8439 166.2951 166.6161 166.8087 166.887
144.3869 144.9458 145.2264 145.267 145.0694 144.5189 143.7822 143.1256 142.6289 142.2009 141.7481 141.2226 140.6685 140.2098 140.0741 140.6117 142.0811 143.9585 145.4884 146.408 146.8342 146.6867 146.1986 145.2137 143.3759 141.062 139.4543 138.7063 138.7841 139.7568 141.3315 143.2077 145.0364 146.756 148.4309 149.8798 150.8207 151.3148 151.5274 151.5342 151.4362 151.3607 151.3833 151.5231 151.9214 152.7787 153.8472 154.9437 156.1525 157.4711 158.6582 159.7618 160.8884 161.9734 162.8407 163.4535 164.0651 164.6731 165.2093 165.7173 166.1275 166.4096 166.5681 166.6271
141.5546 141.8835 142.1056 142.2157 142.1226 141.8047 141.4473 141.1421 140.822 140.4388 140.0273 139.5715 139.173 138.8947 138.779 139.0183 139.9025 141.4725 143.1723 144.3661 144.9137 144.8997 144.3793 143.2444 141.575 139.8817 138.7427 138.45 138.9081 139.8789 141.2321 142.8198 144.4171 145.9411 147.3174 148.3196 148.9808 149.3686 149.5134 149.435 149.2196 149.0625 149.3617 149.9645 150.5215 151.3439 152.5103 154.171 156.0319 157.5264 158.6479 159.6532 160.7215 161.7156 162.5191 163.3376 164.0934 164.6752 165.1833 165.6851 165.9606 166.1339 166.2621 166.3057
139.382 139.3607 139.3803 139.4608 139.5065 139.4788 139.3895 139.2941 139.1487 138.918 138.6667 138.4227 138.1957 138.0093 137.9324 138.0896 138.6248 139.5507 140.6349 141.6184 142.3327 142.503 142.1101 141.2707 140.1451 138.9848 138.057 137.947 138.6652 139.7175 140.9079 142.1759 143.6508 145.1519 146.3184 147.1149 147.5974 147.7693 147.6687 147.361 146.918 146.7468 147.1437 148.1479 149.4642 150.6274 151.8533 153.6557 155.9496 157.9314 159.0328 159.8372 160.7222 161.627 162.5195 163.3673 164.1276 164.7305 165.1526 165.4551 165.6943 165.8499 165.9278 165.9579
138.6491 138.4763 138.3326 138.1514 138.1064 138.1064 138.048 137.9251 137.8374 137.7368 137.5862 137.3868 137.1833 137.0276 136.9338 136.9126 137.0744 137.4666 138.2271 139.2645 140.0843 140.4296 140.3114 139.7398 138.8485 138.019 137.374 137.2764 137.9627 139.1695 140.3915 141.3965 142.3832 143.5639 144.7823 145.6643 146.123 146.1552 145.8205 145.3139 144.9327 145.0006 145.638 146.9225 148.6568 150.211 151.6654 153.7829 156.4019 158.3749 159.4447 160.2561 161.0206 161.7279 162.5636 163.339 164.0416 164.5939 164.9758 165.2963 165.5016 165.5714 165.5868 165.602
138.7972 138.9053 139.0309 139.0615 139.0059 138.814 138.4799 138.0839 137.7453 137.5227 137.3739 137.2479 137.1338 137.0412 136.9582 136.848 136.6875 136.5362 136.4479 136.7098 137.5904 138.1654 138.1649 137.8528 137.3664 136.7831 136.3335 136.1391 136.2392 136.9655 138.6379 140.2136 141.1056 141.6992 142.3538 142.7912 143.1031 143.226 143.0859 142.9715 143.3201 144.1528 145.2979 146.7563 148.4839 150.1515 151.8536 154.3549 157.1508 158.7637 159.6259 160.3447 161.1447 161.9464 162.6538 163.2419 163.7816 164.257 164.6206 164.8924 165.0738 165.1826 165.2462 165.267
141.1753 141.3659 141.4644 141.5126 141.4885 141.3127 140.9107 140.0934 139.1801 138.6341 138.3962 138.3725 138.4611 138.6257 138.762 138.6769 138.4241 137.9916 137.222 136.3173 136.043 136.043 136.2627 136.1447 135.696 135.2019 134.946 134.8427 134.7067 134.5418 134.6349 136.0976 137.9861 139.1274 139.7466 139.9498 139.9725 140.0048 140.2973 141.0719 142.285 143.7619 145.3378 147.0152 148.8676 150.8439 152.9819 155.5847 157.9861 159.0933 159.7578 160.4013 161.0911 161.8026 162.4471 163.0384 163.5157 163.8848 164.2084 164.4813 164.6608 164.7669 164.8322 164.8659
145.7143 145.8278 145.7868 145.5792 145.1769 144.5635 143.6204 142.3634 141.1038 140.1876 139.7407 139.8191 140.1881 140.6031 140.8883 140.8611 140.6257 140.2265 139.5825 138.6097 137.4003 136.4385 135.8529 135.5395 135.3941 135.2407 135.1076 134.947 134.719 134.4575 134.1761 134.0317 134.4187 135.4216 136.5966 137.5935 138.1928 138.5289 138.9301 139.8193 141.6407 143.781 145.6808 147.5147 149.6109 151.7882 154.1367 156.5908 158.479 159.3146 159.8545 160.4081 160.9786 161.5843 162.1914 162.7222 163.127 163.4599 163.7864 164.0738 164.2425 164.3427 164.4127 164.444
149.3552 149.2578 149.0167 148.5838 147.9947 147.3062 146.3089 145.1113 143.9222 142.9316 142.3984 142.3554 142.6307 142.979 143.183 143.1089 142.7897 142.2943 141.6471 140.8632 140.0281 139.3377 138.693 138.0786 137.6154 137.0979 136.5033 135.8033 135.1166 134.634 134.2352 133.8825 133.6332 133.7777 134.5923 135.7724 136.8449 137.6286 138.4142 139.6711 141.5536 143.8119 145.996 148.1508 150.6016 152.8896 155.0928 157.1594 158.6559 159.4482 159.996 160.499 160.9614 161.4503 161.9963 162.4354 162.7736 163.0785 163.3406 163.5354 163.681 163.8024 163.898 163.9577
152.1716 151.9544 151.5477 150.9142 150.1669 149.309 148.3908 147.4643 146.5891 145.899 145.5437 145.3805 145.4179 145.6381 145.7705 145.543 144.9827 144.3081 143.6235 142.8988 142.1764 141.5189 140.9244 140.4052 139.9357 139.317 138.508 137.3771 136.0311 134.889 134.1115 133.7124 133.5217 133.5648 134.1115 135.1417 136.3429 137.477 138.5262 139.8063 141.9932 144.5793 146.8637 148.9913 151.3558 153.511 155.4944 157.33 158.6436 159.2717 159.7866 160.2886 160.713 161.1324 161.5397 161.904 162.2512 162.5677 162.7876 162.9154 163.0702 163.2345 163.3494 163.419
154.9853 154.4305 153.7997 153.0642 152.1726 151.1034 150.1214 149.3806 148.8237 148.3875 148.1162 147.9763 147.9694 148.0391 147.9887 147.6337 147.0163 146.3314 145.6374 144.851 144.024 143.2535 142.5563 141.9093 141.3078 140.6722 139.9404 138.7547 136.9462 135.0849 134.015 133.6199 133.4309 133.3952 133.8177 134.8884 136.1906 137.4735 138.8771 140.6336 143.0824 145.5921 147.7166 149.6944 151.6927 153.5452 155.4298 157.2672 158.5675 159.1483 159.4792 159.8801 160.3499 160.7673 161.0587 161.3231 161.6522 161.9775 162.1853 162.3178 162.479 162.6628 162.8019 162.8839
157.6644 156.7409 155.7658 154.8493 153.8048 152.6171 151.5636 150.9475 150.6947 150.5195 150.4139 150.373 150.387 150.3818 150.2097 149.7576 149.0644 148.2679 147.4284 146.5212 145.6108 144.7865 143.9999 143.1764 142.3822 141.7 141.0251 139.7768 137.5812 135.1582 133.8971 133.5385 133.3248 133.2101 133.5761 134.6519 136.153 137.7227 139.4354 141.6494 144.4394 146.6341 148.1478 149.7301 151.1933 152.8068 154.8076 156.8474 158.2439 158.8263 159.1329 159.4654 159.8379 160.2108 160.5056 160.7439 161.0472 161.3518 161.5266 161.6981 161.8582 162.0224 162.1978 162.3535
159.636 158.6704 157.5842 156.5423 155.5079 154.4743 153.5665 152.996 152.7743 152.7128 152.7347 152.7549 152.7754 152.7537 152.5172 151.9498 151.1182 150.1895 149.2297 148.2068 147.1668 146.0754 145.0405 144.1569 143.3281 142.5234 141.7491 140.4543 138.0058 135.0519 133.6379 133.3453 133.1422 133.0228 133.3261 134.3981 136.0178 137.8032 139.8804 142.6028 145.4369 147.3189 148.4005 149.5437 150.7213 152.0016 153.7184 155.7277 157.3515 158.2737 158.7171 159.0367 159.3668 159.6699 159.942 160.2047 160.4903 160.7362 160.8835 161.0303 161.1684 161.3512 161.5948 161.8114
161.262 160.2305 159.1834 158.1886 157.3103 156.5882 156.1298 155.9287 155.8818 155.8758 155.7655 155.5909 155.3683 155.0447 154.5694 153.8755 153.042 152.1173 151.0643 149.8669 148.5624 147.1735 145.9064 144.9061 144.003 142.9957 142.0424 140.552 137.8084 134.7085 133.3704 133.124 132.8521 132.7586 133.1471 134.1519 135.7352 137.6802 140.0591 143.141 145.8135 147.3943 148.3466 149.3213 150.3085 151.3164 152.6278 154.3251 156.0223 157.2954 158.0965 158.5696 158.8851 159.1615 159.4165 159.6332 159.8282 160.0194 160.1941 160.3535 160.5169 160.742 161.0171 161.2738
162.9683 161.829 160.7484 159.7481 158.993 158.5541 158.4039 158.4496 158.5703 158.6276 158.5139 158.2819 157.9489 157.4188 156.6649 155.8573 154.986 153.974 152.8299 151.5566 150.0399 148.4441 146.965 145.6961 144.6446 143.4867 142.1793 140.3215 137.5001 134.4813 133.0912 132.7579 132.5661 132.6716 133.0604 133.849 135.3045 137.2222 139.5662 142.8917 145.7213 147.2766 148.091 148.8625 149.7644 150.7061 151.699 152.9244 154.4132 155.8373 157.0038 157.8014 158.2872 158.6326 158.8761 159.0408 159.1926 159.3541 159.5 159.6812 159.9378 160.2048 160.4557 160.751
164.2358 163.0994 162.1117 161.3682 160.8065 160.4931 160.3816 160.3943 160.464 160.4947 160.4002 160.1765 159.823 159.3094 158.6423 157.8913 157.0198 155.9446 154.6288 153.1096 151.4939 149.8417 148.2215 146.7218 145.3644 144.0168 142.4617 140.2012 137.1419 134.3057 132.9737 132.5467 132.3423 132.5273 132.8932 133.5132 134.8034 136.6614 138.9403 142.1781 145.293 147.0513 147.7123 148.361 149.1107 149.9911 150.8665 151.7613 152.8966 154.2159 155.4688 156.4716 157.2472 157.8535 158.2156 158.4282 158.5937 158.732 158.862 159.0467 159.3093 159.618 159.9312 160.2482
164.9368 163.833 163.0138 162.5694 162.3307 162.2375 162.2265 162.2235 162.2037 162.1824 162.0906 161.9031 161.5837 161.092 160.4616 159.7643 159.0377 158.0613 156.6243 154.8718 152.9854 151.212 149.5645 147.8958 146.2288 144.5768 142.7089 140.1386 136.9442 134.2511 133.001 132.5517 132.2369 132.2462 132.5545 133.1992 134.4118 136.0866 138.0401 140.6866 144.1697 146.5991 147.2687 147.7695 148.3374 149.1305 149.9981 150.791 151.65 152.7525 153.9268 154.936 155.74 156.4191 156.9719 157.401 157.7028 157.9096 158.1129 158.3974 158.7217 159.0714 159.4346 159.7585
165.6972 164.589 163.8354 163.521 163.513 163.6261 163.7868 163.9178 163.9521 163.9249 163.8441 163.6739 163.4105 163.0117 162.3718 161.5772 160.7148 159.7831 158.6511 157.1018 155.0287 152.8652 150.9529 149.1717 147.34 145.5149 143.2845 140.3219 137.0438 134.3123 133.0964 132.7325 132.2752 131.8952 131.9967 132.7106 133.9816 135.5595 137.2032 139.1188 142.2618 145.1874 146.5101 147.1421 147.6294 148.209 148.9074 149.6958 150.5513 151.5382 152.566 153.4 153.9816 154.5176 155.1215 155.7254 156.2872 156.7829 157.1748 157.6247 158.136 158.5997 158.9969 159.4128
