sededu/modules/rivers/rain_table/dem.txt
ncols	406																																																																																																																																																																																																																																																																																																																																																																																																																				
nrows	218																																																																																																																																																																																																																																																																																																																																																																																																																				
xllcorner	-76.72039795																																																																																																																																																																																																																																																																																																																																																																																																																				
yllcorner	39.46124268																																																																																																																																																																																																																																																																																																																																																																																																																				
cellsize	9.26E-05																																																																																																																																																																																																																																																																																																																																																																																																																				
NODATA_value	-9999																																																																																																																																																																																																																																																																																																																																																																																																																				
[rows 140 to 167 of 218, columns 192 to 255 of 406]
148.108 145.895 144.3313 142.8828 141.5002 140.6503 140.395 140.3521 140.2546 139.999 139.4955 138.714 137.8746 137.4158 137.4158 137.7102 138.1218 138.6041 139.558 141.6312 144.4137 146.4666 147.9521 149.2413 150.508 151.7468 152.7781 153.5772 154.248 154.8621 155.3946 155.8141 156.1165 156.3124 156.3909 156.3277 156.1135 155.7066 155.1694 154.5896 154.0176 153.4857 152.9189 152.0228 150.6158 148.9083 147.3148 146.018 144.9492 143.9676 143.0142 142.1163 141.2649 140.2929 139.1422 137.9987 136.9818 136.0119 135.0069 134.0563 133.3144 132.7939 132.5217 132.3987
147.2626 144.7731 142.8365 140.9595 139.5762 139.0982 138.9422 138.8343 138.7024 138.4752 138.0991 137.7492 137.7492 138.1212 138.6155 138.9976 139.3642 140.3441 142.7354 145.5674 147.4174 148.7871 149.9883 151.1947 152.4003 153.5051 154.4689 155.2884 155.9571 156.4989 156.9449 157.2717 157.5331 157.6978 157.7257 157.6699 157.5684 157.2715 156.7473 156.1363 155.5319 154.8737 154.1587 153.4229 152.4331 150.9054 149.1033 147.4281 146.0915 145.0337 144.0779 143.1115 142.1312 141.1365 140.0801 139.006 138.1371 137.4121 136.7104 136.0255 135.4152 134.9554 134.7982 134.8536
146.8928 144.3937 142.1936 140.4364 139.4029 138.9622 138.6943 138.4903 138.2188 138.0318 138.0318 138.4216 138.9661 139.5605 140.2224 141.0905 142.4283 144.3798 146.4469 148.1304 149.4628 150.6494 151.8529 153.0601 154.2012 155.2447 156.1644 156.9873 157.6743 158.1665 158.4675 158.6349 158.7672 158.851 158.864 158.85 158.7899 158.6071 158.174 157.5131 156.7901 156.0476 155.2164 154.3182 153.383 152.2303 150.5902 148.8217 147.286 146.0323 144.9671 143.9362 142.914 141.8955 140.877 139.9401 139.2327 138.8571 138.6892 138.5114 138.289 138.1634 138.1421 138.1793
146.1271 143.7659 141.7471 140.227 139.3091 138.8484 138.5681 138.3338 138.2772 138.5175 139.0944 140.0328 141.0049 141.8552 142.7555 143.9779 145.577 147.2406 148.733 150.0455 151.2764 152.5431 153.8253 155.0474 156.1493 157.1209 157.9802 158.5947 158.9909 159.2593 159.4238 159.5592 159.6506 159.6745 159.6666 159.6427 159.5152 159.2617 158.9454 158.522 157.8652 157.0418 156.0794 155.0687 154.0757 152.9803 151.578 149.9182 148.3196 146.9896 145.8381 144.7577 143.7848 142.8633 141.9454 141.1835 140.6475 140.4475 140.5392 140.7517 140.997 141.2726 141.5213 141.6917
144.8719 142.7638 140.9716 139.7462 139.0773 138.7207 138.6206 138.714 138.9445 139.7332 141.3337 142.9664 144.1152 144.8586 145.5704 146.5518 147.8864 149.3111 150.6544 151.9453 153.2701 154.6526 156.0384 157.2809 158.2082 158.7935 159.2329 159.5991 159.9831 160.2939 160.3687 160.4192 160.4631 160.4565 160.4021 160.3124 160.171 159.9002 159.5316 159.146 158.6472 157.7968 156.7477 155.686 154.6092 153.4603 152.2072 150.7074 149.0972 147.6563 146.4187 145.3475 144.4837 143.8316 143.3336 142.9866 142.8712 142.9092 143.0671 143.3741 143.7451 144.1748 144.6294 145.0043
143.2511 141.2366 139.9116 139.2152 138.9512 138.9411 139.0739 139.6546 141.1964 143.4505 145.3793 146.4063 146.9502 147.4462 148.0944 149.0044 150.1051 151.3384 152.6206 153.9289 155.3355 156.8182 158.1311 159.067 159.6824 160.1584 160.5124 160.7371 160.9186 161.1584 161.3712 161.3079 161.2213 161.2021 161.1115 160.9613 160.7896 160.484 160.0717 159.6321 159.069 158.3055 157.3081 156.1745 155.0219 153.8564 152.6895 151.2832 149.6715 148.1691 146.89 145.7897 144.9022 144.4557 144.4989 144.7281 145.0736 145.3905 145.6561 145.9976 146.4486 146.9535 147.4719 147.9426
140.9528 139.7524 139.3633 139.2443 139.1617 139.4197 140.9509 143.4868 145.5966 146.7933 147.773 148.5183 149.1172 149.694 150.3056 151.0172 152.0322 153.2312 154.4782 155.7804 157.1493 158.4922 159.5859 160.4462 161.1468 161.634 161.9744 162.2067 162.2943 162.2733 162.2631 162.2278 162.1321 161.9835 161.7917 161.5524 161.2951 160.9738 160.5497 160.0295 159.4261 158.7419 157.7689 156.5667 155.3607 154.1253 152.8385 151.4646 150.0149 148.5991 147.3597 146.2899 145.5005 145.1488 145.3002 145.8706 146.5239 147.1354 147.7033 148.2348 148.827 149.4687 150.0834 150.6578
139.6801 139.4931 139.4522 139.4795 140.4293 142.755 145.1876 146.9288 148.0212 148.8714 149.6825 150.4402 151.1163 151.8353 152.5373 153.1178 153.9725 155.0509 156.1765 157.364 158.6547 159.8876 160.9686 161.8629 162.5652 163.0714 163.3342 163.3935 163.3503 163.2635 163.1366 162.9838 162.8383 162.6688 162.4334 162.1508 161.8102 161.4006 160.9196 160.3649 159.7362 159.0492 158.138 156.8951 155.4591 154.0566 152.7224 151.4301 150.1625 148.9332 147.8028 146.8743 146.2769 146.1462 146.534 147.2899 148.1296 148.9113 149.6377 150.3415 151.0582 151.8866 152.7227 153.4566
139.5643 139.5544 140.1221 142.0426 144.6268 146.4837 147.8199 148.8879 149.8261 150.6872 151.4915 152.2723 153.0204 153.7334 154.4235 155.1316 155.9297 156.8372 157.825 158.9084 160.1197 161.3307 162.38 163.2357 163.9645 164.5111 164.6223 164.5093 164.3537 164.1404 163.9265 163.7172 163.4938 163.2488 162.972 162.6249 162.1937 161.6764 161.115 160.5446 159.9328 159.2608 158.3883 157.1166 155.4847 153.8459 152.4566 151.2343 150.1405 149.2892 148.6502 148.146 147.9455 148.1022 148.4938 149.2259 150.092 150.9039 151.6843 152.5269 153.4464 154.5123 155.5769 156.497
140.344 141.5186 143.602 145.8056 147.3952 148.5845 149.6478 150.6455 151.5807 152.4745 153.3109 154.067 154.7879 155.4969 156.2039 156.9401 157.6943 158.5842 159.6144 160.7001 161.8261 162.9148 163.9376 164.6538 164.9578 165.1328 165.1926 165.1402 165.0214 164.8722 164.6902 164.4749 164.2069 163.8875 163.5297 163.1233 162.6691 162.1375 161.5353 160.8958 160.2098 159.4532 158.5503 157.2894 155.5836 153.7646 152.2355 151.1098 150.3423 149.9613 149.9611 149.9318 150.0205 150.3552 150.7488 151.4061 152.2121 153.0332 153.918 154.9943 156.2248 157.3394 158.1071 158.5894
143.0866 144.8521 146.5512 147.9734 149.1986 150.3371 151.3987 152.4237 153.3929 154.2659 155.0613 155.8111 156.5573 157.3111 158.0735 158.8663 159.6948 160.581 161.5302 162.5397 163.561 164.4007 164.9563 165.3315 165.6283 165.7808 165.779 165.7002 165.6022 165.469 165.2862 165.0805 164.8573 164.5504 164.1075 163.5856 163.0666 162.5327 161.9246 161.2294 160.4682 159.6476 158.7413 157.4607 155.5737 153.5074 151.9759 151.1802 150.8593 150.8157 151.0053 151.2445 151.5608 152.0452 152.6475 153.3681 154.1959 155.1599 156.2909 157.4558 158.3363 158.9424 159.3782 159.6783
145.6425 147.1753 148.5398 149.7952 150.9472 152.1124 153.2184 154.2083 155.1066 155.9783 156.8384 157.6557 158.4406 159.2304 160.0488 160.888 161.7407 162.6193 163.5127 164.2947 164.8179 165.2005 165.6112 166.0092 166.2751 166.4277 166.4206 166.3145 166.1908 166.0555 165.8793 165.6688 165.3912 165.0311 164.5888 164.0298 163.4488 162.858 162.2238 161.5263 160.7243 159.8384 158.885 157.5671 155.6245 153.5717 152.1695 151.6239 151.595 151.7532 152.0692 152.496 153.0322 153.6809 154.4147 155.2722 156.2352 157.246 158.1916 158.9315 159.4437 159.8461 160.1974 160.4857
147.6037 149.0925 150.4585 151.6713 152.7918 153.9345 155.0018 155.9613 156.8752 157.7903 158.6916 159.546 160.3623 161.1896 162.0527 162.9171 163.7749 164.4708 164.9401 165.3073 165.6647 165.9976 166.2529 166.5291 166.8609 167.0191 167.0423 166.9557 166.799 166.6362 166.4391 166.1852 165.8361 165.4211 164.9953 164.4979 163.8572 163.1281 162.399 161.6349 160.7381 159.8045 158.8161 157.4733 155.6978 154.1088 153.1107 152.75 152.8549 153.2124 153.6815 154.2313 154.861 155.5831 156.4191 157.3007 158.0882 158.7618 159.3463 159.8228 160.2938 160.7011 160.9967 161.2216
149.6244 151.119 152.4325 153.638 154.7973 155.8748 156.8684 157.8214 158.7426 159.6202 160.488 161.3485 162.2095 163.1082 163.9828 164.6564 165.1181 165.5051 165.8947 166.2524 166.5663 166.8436 167.0709 167.2076 167.3153 167.5357 167.6334 167.5673 167.4215 167.1918 166.9045 166.6072 166.2819 165.8899 165.4341 164.911 164.271 163.5053 162.6553 161.7188 160.6293 159.6066 158.626 157.4378 156.1409 155.2783 154.6792 154.4245 154.6712 155.0879 155.6357 156.2637 156.9081 157.5807 158.3054 158.9552 159.4835 159.9456 160.3868 160.8002 161.1757 161.4842 161.7407 161.95
151.8726 153.2033 154.4237 155.6431 156.8212 157.8717 158.7934 159.6619 160.5274 161.3867 162.2399 163.0977 163.9645 164.7084 165.2315 165.6804 166.0859 166.473 166.8374 167.1522 167.4444 167.6944 167.8977 168.0492 168.126 168.1357 168.1765 168.1403 167.9568 167.7364 167.4823 167.1852 166.8169 166.3721 165.8718 165.3177 164.704 163.967 163.075 162.05 160.8714 159.6604 158.5521 157.6158 156.9308 156.6489 156.3096 156.2048 156.6483 157.0767 157.6113 158.2616 158.8888 159.4456 160.0081 160.5329 160.9913 161.3752 161.6922 161.9594 162.1616 162.3176 162.4498 162.5565
153.9572 155.1839 156.4067 157.6107 158.7254 159.6766 160.5426 161.3923 162.2367 163.0835 163.9324 164.663 165.256 165.7786 166.2626 166.694 167.0819 167.4236 167.7264 168.0166 168.2884 168.4874 168.6295 168.7447 168.8105 168.8186 168.7576 168.6821 168.589 168.4004 168.1353 167.7943 167.3688 166.8736 166.3381 165.7587 165.1296 164.383 163.4534 162.3549 161.1468 159.9114 158.8464 158.1324 157.7554 157.6238 157.5421 157.7603 158.4351 159.1453 159.8795 160.6254 161.2693 161.7401 162.0833 162.322 162.4996 162.6488 162.7737 162.8778 162.9646 163.0425 163.1153 163.1872
155.7733 157.1196 158.3001 159.3582 160.363 161.3177 162.2077 163.0558 163.884 164.6474 165.2653 165.8261 166.3717 166.871 167.3123 167.7105 168.0762 168.394 168.6514 168.8598 169.0333 169.1779 169.2952 169.3796 169.4224 169.4222 169.3832 169.2995 169.1712 168.997 168.7418 168.4092 167.997 167.4846 166.8837 166.2558 165.5557 164.7434 163.7674 162.5945 161.471 160.4412 159.6411 159.2118 159.0257 159.0838 159.4862 160.2308 161.1631 162.1395 163.0535 163.6475 163.8927 164.0138 164.0782 163.9738 163.8494 163.825 163.8187 163.8129 163.8255 163.8613 163.9018 163.9499
157.7044 158.9005 159.9384 160.9764 161.9925 162.9615 163.8621 164.62 165.2477 165.8506 166.4319 166.9825 167.4977 167.9648 168.3704 168.7172 169.0132 169.2629 169.4766 169.6691 169.8375 169.9697 170.0577 170.1115 170.139 170.117 170.0577 169.9795 169.8498 169.623 169.337 168.9988 168.585 168.0297 167.301 166.5531 165.7745 164.9284 163.9472 162.8188 161.9924 161.4734 161.1001 161.0023 161.3747 161.8179 162.6246 163.579 164.1202 164.6097 165.04 165.3185 165.4022 165.321 165.1757 165.055 164.9495 164.8439 164.7667 164.7093 164.6774 164.6694 164.6747 164.6927
159.3952 160.3946 161.4505 162.5107 163.5099 164.4341 165.1828 165.8029 166.4021 166.9823 167.5323 168.0639 168.5677 169.0125 169.3858 169.7011 169.9684 170.1909 170.3816 170.5612 170.7208 170.8391 170.9076 170.9392 170.9389 170.8817 170.8093 170.7259 170.5683 170.3101 170.0115 169.6367 169.15 168.5276 167.7171 166.7724 165.8381 164.9453 164.0031 163.1047 162.6803 162.731 162.7906 162.823 163.3826 164.0333 164.7099 165.3584 165.739 165.9423 166.0403 166.1164 166.1634 166.1854 166.2786 166.1786 165.9443 165.7636 165.6121 165.4761 165.3864 165.3378 165.3063 165.296
160.652 161.7484 162.8603 163.9305 164.8632 165.6158 166.2907 166.9399 167.5489 168.122 168.6565 169.1571 169.644 170.1029 170.4778 170.7664 171.0011 171.1878 171.3388 171.4907 171.6216 171.7165 171.7641 171.7582 171.7148 171.6516 171.5696 171.4385 171.2469 171.0193 170.7314 170.3803 169.885 169.189 168.3517 167.2331 166.0073 164.9181 164.0382 163.4417 163.3196 163.5629 163.8525 164.0907 164.4768 165.0339 165.7224 166.2514 166.4675 166.7584 166.8215 166.7848 166.8934 167.0149 167.0818 167.0253 166.8762 166.6945 166.5082 166.3356 166.2144 166.1273 166.0583 166.024
161.7813 162.8887 163.984 165.0216 165.9053 166.6775 167.3772 168.0231 168.6273 169.1986 169.7361 170.2443 170.7212 171.15 171.5076 171.7785 171.993 172.1725 172.3298 172.4739 172.5586 172.6236 172.6528 172.5998 172.5152 172.4403 172.3321 172.1573 171.9361 171.6765 171.3292 170.9939 170.5988 169.9435 169.0169 167.7883 166.3801 165.0915 164.2275 163.8768 163.9074 164.1694 164.5631 164.9664 165.2895 165.7676 166.3067 166.6689 166.8822 167.0586 167.1783 167.285 167.4385 167.6002 167.682 167.6561 167.5372 167.3574 167.1552 166.9652 166.7922 166.7677 166.8407 166.755
162.7182 163.8626 164.9789 165.9915 166.8963 167.7148 168.4297 169.0626 169.6722 170.2734 170.8264 171.3001 171.7291 172.1392 172.4944 172.7947 173.0331 173.2274 173.3955 173.5158 173.556 173.5782 173.5706 173.4717 173.3318 173.204 173.0479 172.8322 172.5525 172.1748 171.7724 171.4377 171.113 170.5968 169.7462 168.6291 167.3319 166.0577 165.1474 164.8071 164.8421 165.1688 165.7031 166.1751 166.4314 166.6363 166.8449 167.0057 167.121 167.194 -9999 -9999 -9999 -9999 167.8984 167.8734 -9999 -9999 -9999 -9999 -9999 -9999 -9999 -9999
163.6207 164.7899 165.9403 167.0094 167.9755 168.7869 169.4799 170.1277 170.7444 171.3025 171.8309 172.3184 172.7587 173.1552 173.4983 173.8286 174.122 174.3504 174.5175 174.6147 174.6368 174.5965 174.5056 174.3625 174.1689 173.9732 173.7354 173.4406 173.0814 172.5969 172.2574 171.9681 171.5113 170.9196 170.2582 169.3981 168.6393 167.9519 167.0952 166.7477 166.6999 167.1188 167.726 167.7116 167.5012 167.3715 167.3011 -9999 -9999 -9999 -9999 -9999 -9999 -9999 -9999 -9999 -9999 -9999 -9999 -9999 -9999 -9999 -9999 -9999
164.6149 165.8259 167.056 168.1926 169.151 169.9324 170.601 171.2055 171.7659 172.3048 172.8261 173.3162 173.7767 174.2096 174.5971 174.9487 175.2384 175.4624 175.639 175.7366 175.6852 175.5333 175.3725 175.1964 174.952 174.7046 174.4231 174.016 173.5003 173.02 172.755 172.3582 171.7056 171.1476 170.6588 170.0967 169.6687 169.533 169.4443 169.1458 168.7546 168.6713 168.782 168.5811 168.1657 -9999 -9999 -9999 -9999 -9999 -9999 -9999 -9999 -9999 -9999 -9999 -9999 -9999 -9999 -9999 -9999 -9999 -9999 -9999
165.933 167.1181 168.3187 169.446 170.4185 171.105 171.6562 172.2138 172.7648 173.3022 173.8171 174.3196 174.8066 175.2614 175.6745 176.0338 176.3201 176.5092 176.619 176.6931 176.5853 176.4006 176.2274 175.9698 175.6505 175.3228 174.9699 174.5205 173.9814 173.4606 173.0237 172.4783 171.8452 171.3999 171.0558 170.7469 170.5434 170.5813 170.6913 170.3146 169.7699 169.4571 169.2683 168.9193 -9999 -9999 -9999 -9999 -9999 -9999 -9999 -9999 -9999 -9999 -9999 -9999 -9999 -9999 -9999 -9999 -9999 -9999 -9999 -9999
167.3625 168.4897 169.6031 170.616 171.3894 172.0239 172.6116 173.1716 173.7144 174.2634 174.7981 175.3156 175.8137 176.2683 176.6497 176.9181 177.1015 177.218 177.2501 177.2202 177.1509 177.0477 176.8767 176.604 176.2422 175.8314 175.4113 174.9764 174.4638 173.8247 173.1863 172.6191 172.148 171.8183 171.5886 171.4467 171.3316 171.1974 171.0285 170.7188 170.2338 169.7718 -9999 -9999 -9999 -9999 -9999 -9999 -9999 -9999 -9999 -9999 -9999 -9999 -9999 -9999 -9999 -9999 -9999 -9999 -9999 -9999 -9999 -9999
168.7201 169.7722 170.7491 171.5379 172.252 172.9158 173.5225 174.0844 174.6346 175.2022 175.7785 176.2985 176.7194 177.0502 177.2945 177.4697 177.5987 177.6743 177.6719 177.6047 177.5571 177.4588 177.252 176.9977 176.6599 176.228 175.7412 175.2374 174.6979 174.0907 173.4805 172.9462 172.5401 172.2861 172.1433 172.0014 171.7861 171.529 171.2756 170.9596 170.5583 -9999 -9999 -9999 -9999 -9999 -9999 -9999 -9999 -9999 -9999 -9999 -9999 -9999 -9999 -9999 -9999 -9999 -9999 -9999 -9999 -9999 -9999 -9999
170.0226 170.9186 171.7318 172.4731 173.1657 173.7988 174.3756 174.9336 175.5061 176.0804 176.625 177.0504 177.3487 177.5983 177.7976 177.9175 177.977 178.0009 177.9756 177.9139 177.8846 177.7915 177.5543 177.2613 176.9215 176.4731 175.9467 175.4098 174.8648 174.339 173.7464 173.1617 172.7361 -9999 -9999 -9999 171.9219 171.7559 171.4495 171.105 -9999 -9999 -9999 -9999 -9999 -9999 -9999 -9999 -9999 -9999 -9999 -9999 -9999 -9999 -9999 -9999 -9999 -9999 -9999 -9999 -9999 -9999 -9999 -9999
