sededu/modules/rivers/rain_table/dem.txt
ncols	406																																																																																																																																																																																																																																																																																																																																																																																																																				
nrows	218																																																																																																																																																																																																																																																																																																																																																																																																																				
xllcorner	-76.72039795																																																																																																																																																																																																																																																																																																																																																																																																																				
yllcorner	39.46124268																																																																																																																																																																																																																																																																																																																																																																																																																				
cellsize	9.26E-05																																																																																																																																																																																																																																																																																																																																																																																																																				
NODATA_value	-9999																																																																																																																																																																																																																																																																																																																																																																																																																				
[rows 112 to 139 of 218, columns 0 to 63 of 406]
-9999 -9999 -9999 -9999 -9999 -9999 -9999 -9999 -9999 -9999 -9999 -9999 -9999 -9999 -9999 -9999 -9999 -9999 -9999 -9999 198.7377 198.4696 198.1479 197.8425 197.5088 197.1482 196.8244 196.5425 196.2892 196.0864 195.8237 195.5036 195.1829 194.8665 194.5266 194.1933 193.8927 193.6844 193.5351 193.2705 192.9099 192.4801 191.9787 191.3841 190.6811 190.0061 189.4901 189.358 189.358 189.358 189.358 189.358 189.358 189.358 189.358 189.358 189.6265 189.2527 188.7623 188.4677 188.2794 188.0788 187.796 187.3611
-9999 -9999 -9999 -9999 -9999 -9999 -9999 -9999 -9999 -9999 -9999 -9999 -9999 -9999 -9999 -9999 -9999 -9999 -9999 -9999 -9999 198.2359 197.9375 197.6735 197.3625 197.0359 196.7128 196.3882 196.0737 195.7969 195.5699 195.309 195.0163 194.7599 194.5144 194.2854 194.1609 194.0478 193.7911 193.5013 193.1759 192.7897 192.3405 191.797 191.1244 190.5711 190.1667 189.8266 189.5819 189.3997 189.358 189.358 189.358 189.358 189.358 189.5856 189.848 189.426 189.0473 188.8678 188.7735 188.5728 188.2103 187.7732
-9999 -9999 -9999 -9999 -9999 -9999 -9999 -9999 -9999 -9999 -9999 -9999 -9999 -9999 -9999 -9999 -9999 -9999 -9999 -9999 -9999 -9999 197.7554 197.5342 197.2617 196.9631 196.6059 196.2284 195.9245 195.6685 195.3823 195.1082 194.8925 194.7222 194.623 194.5629 194.5228 194.4 194.116 193.8109 193.5877 193.3709 192.9481 192.2892 191.7092 191.3309 191.0211 190.7317 190.5522 190.4353 190.2404 190.0791 190.0284 189.9426 189.8821 190.0375 190.1402 189.9316 189.6422 189.4366 189.2219 188.9055 188.5187 188.0752
-9999 -9999 -9999 -9999 -9999 -9999 -9999 -9999 -9999 -9999 -9999 -9999 -9999 -9999 -9999 -9999 -9999 -9999 -9999 -9999 -9999 -9999 -9999 197.4136 197.2045 196.963 196.6677 196.3378 196.0266 195.7213 195.4214 195.1317 194.9247 194.8608 194.8347 194.8342 194.822 194.7368 194.5645 194.3444 194.1884 193.9572 193.492 192.9472 192.5757 192.2759 191.9781 191.7577 191.6376 191.53 191.4769 191.367 191.1667 191.048 190.8622 190.6986 190.6152 190.4896 190.2272 189.9054 189.535 189.1296 188.6376 187.975
-9999 -9999 -9999 -9999 -9999 -9999 -9999 -9999 -9999 -9999 -9999 -9999 -9999 -9999 -9999 -9999 -9999 -9999 -9999 -9999 -9999 -9999 -9999 197.3008 197.2075 197.056 196.8891 196.6815 196.3876 196.0742 195.8356 195.5674 195.3085 195.242 195.2564 195.2569 195.2457 195.2126 195.1043 194.9541 194.7851 194.5288 194.1845 193.8535 193.5363 193.2674 193.0302 192.8345 192.7542 192.7482 192.7154 192.6399 192.5424 192.3436 192.007 191.5562 191.132 190.8022 190.4519 190.0883 189.6158 189.0906 188.5578 187.9184
-9999 -9999 -9999 -9999 -9999 -9999 -9999 -9999 -9999 -9999 -9999 -9999 -9999 -9999 -9999 -9999 -9999 -9999 -9999 -9999 -9999 -9999 -9999 197.2571 197.2131 197.1363 197.018 196.8581 196.695 196.555 196.3861 196.2405 196.1017 195.885 195.7343 195.7214 195.7466 195.6746 195.5144 195.367 195.2392 195.0971 194.9146 194.6861 194.4586 194.2691 194.1102 193.9975 193.968 193.9597 193.8629 193.717 193.5726 193.3379 193.0094 192.5189 191.9406 191.3393 190.6301 190.0033 189.4185 188.8764 188.4289 188.0132
-9999 -9999 -9999 -9999 -9999 -9999 -9999 -9999 -9999 -9999 -9999 -9999 -9999 -9999 -9999 -9999 -9999 -9999 -9999 -9999 -9999 -9999 -9999 -9999 197.2818 197.2455 197.1729 197.1083 197.05 196.9642 196.8829 196.8104 196.7027 196.5298 196.2972 196.2153 196.2363 196.1528 195.9766 195.8476 195.7242 195.559 195.4091 195.3058 195.1754 195.0481 194.9583 194.9159 194.933 194.9183 194.8235 194.7018 194.5416 194.2159 193.7765 193.22 192.5546 191.828 191.0481 190.2645 189.4709 188.8203 188.4744 188.3369
-9999 -9999 -9999 -9999 -9999 -9999 -9999 -9999 -9999 -9999 -9999 -9999 -9999 -9999 -9999 -9999 -9999 -9999 -9999 -9999 -9999 -9999 -9999 -9999 197.3599 197.3791 197.3793 197.3813 197.3617 197.338 197.3066 197.2527 197.1753 197.0577 196.8659 196.6979 196.6088 196.5407 196.4434 196.3484 196.2263 196.1111 196.0375 195.9296 195.79 195.6542 195.5667 195.5759 195.6669 195.6661 195.5151 195.3468 195.2145 194.9399 194.4711 193.8463 193.2134 192.6069 191.8103 190.8198 189.8984 189.2735 188.92 188.7565
-9999 -9999 -9999 -9999 -9999 -9999 -9999 -9999 -9999 -9999 -9999 -9999 -9999 -9999 -9999 -9999 -9999 -9999 -9999 -9999 -9999 -9999 -9999 -9999 -9999 197.5203 197.5835 197.6308 197.6666 197.6897 197.6809 197.6593 197.6302 197.5421 197.3481 197.1463 197.0267 196.9758 196.9402 196.884 196.7642 196.6948 196.7056 196.5842 196.4087 196.2822 196.2098 196.19 196.2426 196.1931 196.0448 195.8958 195.7025 195.3176 194.7367 194.0547 193.4521 192.9898 192.4419 191.6035 190.8109 190.2969 189.9383 189.8401
-9999 -9999 -9999 -9999 -9999 -9999 -9999 -9999 -9999 -9999 -9999 -9999 -9999 -9999 -9999 -9999 -9999 -9999 -9999 -9999 -9999 -9999 -9999 -9999 -9999 197.7031 197.7942 197.8562 197.9628 198.0016 198.049 198.0887 198.0498 197.9978 197.8781 197.6888 197.551 197.5311 197.5217 197.4983 197.4362 197.3795 197.3315 197.1901 197.0695 196.9741 196.8652 196.8121 196.8608 196.7659 196.6047 196.4274 196.0358 195.4142 194.7603 194.2037 193.822 193.588 193.2462 192.6786 192.238 191.9376 191.5029 191.3473
-9999 -9999 -9999 -9999 -9999 -9999 -9999 -9999 -9999 -9999 -9999 -9999 -9999 -9999 -9999 -9999 -9999 -9999 -9999 -9999 -9999 -9999 -9999 -9999 -9999 -9999 198.0706 198.194 198.3525 198.4208 198.4476 198.4963 198.5236 198.4809 198.3638 198.2092 198.115 198.1431 198.2156 198.1815 198.1284 198.0844 197.9696 197.873 197.7887 197.6772 197.5394 197.4184 197.3364 197.1883 197.0161 196.7546 196.2311 195.561 194.9215 194.5536 194.4837 194.4479 194.2301 193.7251 193.345 193.1904 192.9003 192.7144
-9999 -9999 -9999 -9999 -9999 -9999 -9999 -9999 -9999 -9999 -9999 -9999 -9999 -9999 -9999 -9999 -9999 -9999 -9999 -9999 -9999 -9999 -9999 -9999 -9999 -9999 -9999 198.5074 198.7207 198.8472 198.9019 198.9453 198.9699 198.9392 198.8332 198.7255 198.7058 198.773 198.8452 198.8891 198.8585 198.7675 198.6819 198.5868 198.4739 198.3573 198.2235 198.052 197.8777 197.7191 197.4561 197.0073 196.4562 195.9097 195.4846 195.2992 195.3099 195.2764 195.0159 194.4728 194.0247 193.92 193.9476 193.9928
-9999 -9999 -9999 -9999 -9999 -9999 -9999 -9999 -9999 -9999 -9999 -9999 -9999 -9999 -9999 -9999 -9999 -9999 -9999 -9999 -9999 -9999 -9999 -9999 -9999 -9999 -9999 -9999 198.9785 199.1946 199.3618 199.4399 199.4403 199.3885 199.2411 199.2001 199.3386 199.4577 199.4994 199.5571 199.5708 199.4819 199.3663 199.2497 199.1171 198.98 198.8115 198.5935 198.4391 198.2826 198.0218 197.6144 197.1113 196.6913 196.344 196.1929 196.1705 195.8829 195.3001 194.7795 194.5532 194.6254 194.8835 194.979
-9999 -9999 -9999 -9999 -9999 -9999 -9999 -9999 -9999 -9999 -9999 -9999 -9999 -9999 -9999 -9999 -9999 -9999 -9999 -9999 -9999 -9999 -9999 -9999 -9999 -9999 -9999 -9999 -9999 199.4426 199.6552 199.7849 199.8125 199.755 199.7543 199.886 200.0462 200.1334 200.2163 200.2653 200.2427 200.1553 200.0284 199.8854 199.734 199.5819 199.4048 199.2032 199.0826 198.9431 198.7327 198.4708 198.1487 197.8126 197.3226 196.943 196.755 196.3337 195.8369 195.4306 195.256 195.3361 195.4558 195.37
-9999 -9999 -9999 -9999 -9999 -9999 -9999 -9999 -9999 -9999 -9999 -9999 -9999 -9999 -9999 -9999 -9999 -9999 -9999 -9999 -9999 -9999 -9999 -9999 -9999 -9999 -9999 -9999 -9999 -9999 199.8359 200.0256 200.1589 200.1568 200.266 200.4932 200.6769 200.7997 200.8835 200.9103 200.8901 200.8242 200.6892 200.5282 200.3618 200.1916 200.0101 199.8351 199.7263 199.6082 199.4251 199.1839 198.9141 198.6992 198.2882 197.7853 197.4247 197.0528 196.675 196.2916 196.1304 196.1898 196.0378 195.7393
-9999 -9999 -9999 -9999 -9999 -9999 -9999 -9999 -9999 -9999 -9999 -9999 -9999 -9999 -9999 -9999 -9999 -9999 -9999 -9999 -9999 -9999 -9999 -9999 -9999 -9999 -9999 -9999 -9999 -9999 -9999 200.2623 200.4275 200.5592 200.7536 200.9678 201.1265 201.252 201.3358 201.3463 201.3025 201.2437 201.1696 201.074 200.9689 200.8472 200.6924 200.5272 200.3977 200.2892 200.1537 199.9822 199.7895 199.5519 199.1202 198.7076 198.4555 198.0064 197.3617 196.9297 196.8381 196.7287 196.3811 196.1227
-9999 -9999 -9999 -9999 -9999 -9999 -9999 -9999 -9999 -9999 -9999 -9999 -9999 -9999 -9999 -9999 -9999 -9999 -9999 -9999 -9999 -9999 -9999 -9999 -9999 -9999 -9999 -9999 -9999 -9999 -9999 -9999 200.7008 200.892 201.093 201.2805 201.4503 201.5831 201.6294 201.6324 201.6467 201.6456 201.5785 201.4852 201.3932 201.3023 201.2123 201.1309 201.0642 201.0007 200.9284 200.8307 200.6719 200.4208 200.0257 199.5747 199.1894 198.8252 198.4124 197.9881 197.5712 197.1713 196.8716 196.6498
-9999 -9999 -9999 -9999 -9999 -9999 -9999 -9999 -9999 -9999 -9999 -9999 -9999 -9999 -9999 -9999 -9999 -9999 -9999 -9999 -9999 -9999 -9999 -9999 -9999 -9999 -9999 -9999 -9999 -9999 -9999 -9999 -9999 201.1609 201.354 201.5305 201.6712 201.7941 201.8841 201.934 201.955 201.9523 201.9176 201.8674 201.802 201.7314 201.6594 201.5748 201.5143 201.4712 201.4169 201.3466 201.2595 201.1163 200.7789 200.34 199.9821 199.6107 199.1814 198.6308 198.0487 197.5869 197.2164 196.9268
-9999 -9999 -9999 -9999 -9999 -9999 -9999 -9999 -9999 -9999 -9999 -9999 -9999 -9999 -9999 -9999 -9999 -9999 -9999 -9999 -9999 -9999 -9999 -9999 -9999 -9999 -9999 -9999 -9999 -9999 -9999 -9999 -9999 -9999 201.557 201.7276 201.8805 202.0068 202.0699 202.1413 202.2164 202.2309 202.2113 202.1718 202.1132 202.0472 201.9863 201.9292 201.8941 201.8791 201.8452 201.749 201.5882 201.3929 201.212 200.9218 200.4414 199.9934 199.5578 198.9785 198.3241 197.7912 197.3497 196.9865
-9999 -9999 -9999 -9999 -9999 -9999 -9999 -9999 -9999 -9999 -9999 -9999 -9999 -9999 -9999 -9999 -9999 -9999 -9999 -9999 -9999 -9999 -9999 -9999 -9999 -9999 -9999 -9999 -9999 -9999 -9999 -9999 -9999 -9999 -9999 201.8972 202.0257 202.1389 202.2397 202.3199 202.3716 202.3909 202.3786 202.351 202.3327 202.3083 202.2585 202.2127 202.1648 202.0959 201.9927 201.8515 201.6768 201.4745 201.3027 201.0423 200.5703 200.085 199.5928 199.023 198.3818 197.7611 197.2354 196.8095
-9999 -9999 -9999 -9999 -9999 -9999 -9999 -9999 -9999 -9999 -9999 -9999 -9999 -9999 -9999 -9999 -9999 -9999 -9999 -9999 -9999 -9999 -9999 -9999 -9999 -9999 -9999 -9999 -9999 -9999 -9999 -9999 -9999 -9999 -9999 -9999 202.1666 202.3022 202.4073 202.4462 202.4505 202.4886 202.5453 202.5528 202.5101 202.4462 202.3842 202.3514 202.287 202.1621 202.0537 201.9587 201.6963 201.407 201.1635 200.8486 200.3449 199.6947 199.1951 198.8163 198.2681 197.5204 196.9128 196.4547
-9999 -9999 -9999 -9999 -9999 -9999 -9999 -9999 -9999 -9999 -9999 -9999 -9999 -9999 -9999 -9999 -9999 -9999 -9999 -9999 -9999 -9999 -9999 -9999 -9999 -9999 -9999 -9999 -9999 -9999 -9999 -9999 -9999 -9999 -9999 -9999 -9999 202.3621 202.4456 202.5317 202.5899 202.6191 202.6145 202.5804 202.5791 202.5804 202.4924 202.365 202.2487 202.0866 201.8468 201.5845 201.3144 201.0779 200.8142 200.4708 200.0238 199.3628 198.4887 197.812 197.3922 196.817 196.272 195.8419
-9999 -9999 -9999 -9999 -9999 -9999 -9999 -9999 -9999 -9999 -9999 -9999 -9999 -9999 -9999 -9999 -9999 -9999 -9999 -9999 -9999 -9999 -9999 -9999 -9999 -9999 -9999 -9999 -9999 -9999 -9999 -9999 -9999 -9999 -9999 -9999 -9999 -9999 202.5508 202.5857 202.5726 202.6019 202.6698 202.6724 202.6538 202.6296 202.5274 202.4126 202.2272 201.9225 201.5682 201.2738 201.0464 200.786 200.4466 200.0496 199.6104 199.1006 198.0408 196.8205 196.0339 195.498 195.1278 194.9051
-9999 -9999 -9999 -9999 -9999 -9999 -9999 -9999 -9999 -9999 -9999 -9999 -9999 -9999 -9999 -9999 -9999 -9999 -9999 -9999 -9999 -9999 -9999 -9999 -9999 -9999 -9999 -9999 -9999 -9999 -9999 -9999 -9999 -9999 -9999 -9999 -9999 -9999 -9999 202.6019 202.641 202.6681 202.7175 202.7057 202.6773 202.6436 202.5178 202.3643 202.1253 201.813 201.497 201.1872 200.8696 200.5068 200.1277 199.7499 199.2662 198.5159 197.4241 196.3028 195.4402 194.8083 194.5153 194.3606
-9999 -9999 -9999 -9999 -9999 -9999 -9999 -9999 -9999 -9999 -9999 -9999 -9999 -9999 -9999 -9999 -9999 -9999 -9999 -9999 -9999 -9999 -9999 -9999 -9999 -9999 -9999 -9999 -9999 -9999 -9999 -9999 -9999 -9999 -9999 -9999 -9999 -9999 -9999 -9999 202.6807 -9999 202.6688 202.6584 202.6698 202.6192 202.4638 202.2676 202.0122 201.6893 201.3623 201.0667 200.7268 200.3379 199.9659 199.6271 199.1761 198.3641 197.2343 196.1282 195.3293 194.8289 194.4867 194.1602
-9999 -9999 -9999 -9999 -9999 -9999 -9999 -9999 -9999 -9999 -9999 -9999 -9999 -9999 -9999 -9999 -9999 -9999 -9999 -9999 -9999 -9999 -9999 -9999 -9999 -9999 -9999 -9999 -9999 -9999 -9999 -9999 -9999 -9999 -9999 -9999 -9999 -9999 -9999 -9999 -9999 -9999 202.6805 202.6517 202.6346 202.5553 202.3792 202.1631 201.881 201.562 201.2735 200.9908 200.6447 200.2522 199.89 199.5099 198.9214 198.0542 197.0932 196.2324 195.5582 195.1131 194.7878 194.4778
-9999 -9999 -9999 -9999 -9999 -9999 -9999 -9999 -9999 -9999 -9999 -9999 -9999 -9999 -9999 -9999 -9999 -9999 -9999 -9999 -9999 -9999 -9999 -9999 -9999 -9999 -9999 -9999 -9999 -9999 -9999 -9999 -9999 -9999 -9999 -9999 -9999 -9999 -9999 -9999 -9999 -9999 202.6549 202.6244 202.5942 202.4981 202.3104 202.0601 201.7657 201.4664 201.2076 200.9586 200.6095 200.1582 199.722 199.3305 198.8233 198.0537 197.2138 196.4976 195.9411 195.5664 195.2681 195.0073
-9999 -9999 -9999 -9999 -9999 -9999 -9999 -9999 -9999 -9999 -9999 -9999 -9999 -9999 -9999 -9999 -9999 -9999 -9999 -9999 -9999 -9999 -9999 -9999 -9999 -9999 -9999 -9999 -9999 -9999 -9999 -9999 -9999 -9999 -9999 -9999 -9999 -9999 -9999 -9999 -9999 202.6782 202.6421 202.6009 202.5447 202.4316 202.2388 201.993 201.7103 201.4269 201.1716 200.8986 200.5202 200.1116 199.731 199.3175 198.8153 198.1967 197.4573 196.7611 196.3122 196.0652 195.8141 195.5263
