sededu/modules/rivers/rain_table/dem.txt
ncols	406																																																																																																																																																																																																																																																																																																																																																																																																																				
nrows	218																																																																																																																																																																																																																																																																																																																																																																																																																				
xllcorner	-76.72039795																																																																																																																																																																																																																																																																																																																																																																																																																				
yllcorner	39.46124268																																																																																																																																																																																																																																																																																																																																																																																																																				
cellsize	9.26E-05																																																																																																																																																																																																																																																																																																																																																																																																																				
NODATA_value	-9999																																																																																																																																																																																																																																																																																																																																																																																																																				
[rows 140 to 167 of 218, columns 64 to 127 of 406]
195.8245 195.5676 195.2937 194.9408 194.2625 193.0258 191.4279 190.0755 189.2249 188.7266 188.287 187.7979 187.3847 186.7211 185.633 184.4424 183.4857 182.6462 181.893 181.2667 180.5831 179.5165 178.1283 176.9462 176.2156 175.7736 175.4517 175.0944 174.4474 173.5942 172.6858 171.7045 171.108 171.1011 171.5071 172.0374 172.5466 173.1118 173.7232 174.2888 174.7899 175.298 175.8747 176.4839 177.1183 177.773 178.3453 178.8381 179.3025 179.7789 180.2568 180.6868 181.0539 181.3658 181.6242 181.8005 181.8695 181.8874 181.9145 181.8949 181.7964 181.7566 181.6311 181.4305
196.2623 195.9703 195.6895 195.4324 195.0207 194.123 192.6576 191.0924 190.0158 189.4015 188.8812 188.3236 187.6792 186.8202 185.7119 184.5241 183.4858 182.6548 182.0539 181.4582 180.7353 179.9629 178.838 177.7211 176.9584 176.5143 176.2532 175.9517 175.4656 174.9353 174.5512 174.2665 174.0406 174.0103 174.2043 174.4928 174.8224 175.1624 175.4827 175.8474 176.2971 176.7574 177.3562 178.0551 178.7282 179.3288 179.8716 180.3749 180.8678 181.3732 181.8521 182.2208 182.4641 182.6445 182.7862 182.8279 182.7339 182.6376 182.518 182.3228 182.1499 182.0524 181.9619 181.7178
196.5155 196.2374 195.9704 195.6482 195.314 194.7247 193.505 192.0298 190.8336 190.0424 189.4261 188.7699 187.9565 187.0489 185.9419 184.7209 183.8088 183.1433 182.6634 182.2587 181.7702 181.0532 179.9603 178.9629 178.323 177.8932 177.6231 177.4066 177.1613 176.9134 176.7468 176.6691 176.5701 176.554 176.6974 176.8858 177.0379 177.1947 177.3779 177.6795 178.1705 178.7264 179.3116 179.9303 180.539 181.0781 181.5484 181.9518 182.3484 182.762 183.1168 183.333 183.445 183.5041 183.5144 183.4636 183.3496 183.1864 182.948 182.6563 182.4011 182.2009 182.0132 181.6874
196.6574 196.3613 196.0144 195.6369 195.2674 194.6929 193.6606 192.47 191.3917 190.507 189.7539 189.0173 188.2049 187.1915 186.1439 185.2777 184.5387 184.0257 183.6099 183.2137 182.797 182.164 181.2921 180.4214 179.7192 179.2032 178.9253 178.8738 178.9075 178.9763 179.0877 179.1385 179.1755 179.2189 179.2596 179.3143 179.3909 179.5275 179.7373 180.025 180.4162 180.905 181.4117 181.8861 182.3244 182.7115 183.01 183.2608 183.4948 183.7114 183.8996 184.0246 184.1014 184.105 184.0271 183.904 183.7134 183.4586 183.1984 182.9496 182.6463 182.2579 181.8304 181.3828
196.7114 196.323 195.914 195.5278 195.0922 194.4486 193.5513 192.5826 191.6125 190.7034 189.8585 188.9731 188.1187 187.4214 186.7893 186.11 185.5372 185.1116 184.7195 184.2944 183.8244 183.2267 182.4804 181.6486 180.9074 180.5051 180.5561 180.8187 181.1833 181.621 181.9802 182.1179 182.213 182.2563 182.1584 181.9831 181.8395 181.8587 182.0407 182.2802 182.5323 182.8677 183.1715 183.3926 183.571 183.7063 183.7914 184.0722 184.3967 184.5442 184.6347 184.6684 184.6145 184.5179 184.4031 184.2035 183.9417 183.6613 183.3911 183.1147 182.7663 182.2754 181.7283 181.1665
196.6419 196.2146 195.8054 195.4159 194.9258 194.2401 193.4225 192.5779 191.6673 190.7029 189.7925 188.9948 188.3319 187.8611 187.5275 187.2094 186.8832 186.5392 186.0504 185.4733 184.9325 184.2745 183.5156 182.7418 182.1327 181.8873 182.0337 182.4561 182.9932 183.5228 183.9372 184.1499 184.2421 184.2368 184.1359 183.9878 183.8348 183.7722 183.8062 183.8725 183.9515 184.088 184.2377 184.3601 184.4562 184.5077 184.4857 184.7258 185.0543 185.1539 185.1608 185.089 184.9236 184.7412 184.5657 184.3062 184.0195 183.7381 183.4487 183.1407 182.7788 182.2181 181.5755 180.9504
196.538 196.1036 195.6906 195.296 194.7998 194.1319 193.417 192.6993 191.8381 190.8934 190.0751 189.4023 188.9491 188.7434 188.6985 188.6595 188.4837 188.0578 187.4571 186.8328 186.207 185.4935 184.7229 184.0246 183.5846 183.5158 183.7516 184.1786 184.6825 185.1363 185.4786 185.7755 185.9202 185.9229 185.8501 185.7078 185.56 185.4213 185.3099 185.2155 185.1584 185.267 185.3566 185.3563 185.3475 185.3181 185.2454 185.3094 185.4624 185.5175 185.4671 185.3252 185.1362 184.9115 184.6437 184.3494 184.0496 183.7428 183.4152 183.0609 182.6497 182.0625 181.3947 180.7168
196.4555 196.0069 195.5874 195.1966 194.7169 194.0916 193.4702 192.8636 192.1642 191.3473 190.5651 190.0174 189.8033 189.6456 189.4519 189.3698 189.2486 189.042 188.6598 188.0905 187.4493 186.8185 186.2838 185.8332 185.556 185.5795 185.762 186.1014 186.5429 186.9674 187.3018 187.5057 187.6013 187.644 187.6223 187.4735 187.2419 187.033 186.8456 186.6412 186.4732 186.4093 186.3775 186.3127 186.2229 186.128 186.0415 185.9835 185.9507 185.8997 185.7821 185.5894 185.3439 185.0652 184.7713 184.4741 184.132 183.7428 183.3405 182.9064 182.3691 181.759 181.1122 180.495
196.4007 195.9662 195.5371 195.1309 194.665 194.0733 193.5058 193.0001 192.4924 191.8821 191.2117 190.7302 190.6411 190.4753 190.115 189.9601 189.8043 189.5898 189.3343 189.0404 188.6634 188.1676 187.718 187.4477 187.3313 187.352 187.6279 188.0003 188.3546 188.6858 188.9372 189.0579 189.0676 189.0639 189.0311 188.8398 188.5465 188.2719 188.0044 187.71 187.4629 187.2469 187.1326 187.0652 186.9423 186.7957 186.601 186.45 186.3536 186.2243 186.0404 185.7982 185.5117 185.2065 184.8937 184.5427 184.1142 183.6319 183.1558 182.6526 182.0205 181.4101 180.7987 180.1616
196.3921 195.9618 195.5305 195.1238 194.6806 194.1567 193.6902 193.2754 192.8533 192.3838 191.9177 191.5917 191.4714 191.2133 190.7771 190.5237 190.3327 190.1342 189.907 189.6464 189.3772 189.1594 188.9753 188.827 188.7885 188.8847 189.0103 189.1403 189.314 189.4865 189.5547 189.5824 189.5447 189.4907 189.4557 189.3574 189.239 189.1101 188.8704 188.5168 188.2132 187.9538 187.7523 187.5984 187.4486 187.2787 187.0453 186.8607 186.7084 186.4784 186.2227 185.9388 185.6119 185.2674 184.9139 184.4828 183.9592 183.4135 182.8636 182.2486 181.5765 180.9604 180.3514 179.6958
196.3529 195.9822 195.6128 195.2245 194.8353 194.4176 194.0139 193.6194 193.2315 192.8751 192.5813 192.3419 192.2107 191.879 191.3483 191.0419 190.8054 190.6131 190.4464 190.2539 190.0329 189.8059 189.5979 189.4905 189.4832 189.4816 189.5487 189.6603 189.8634 190.0986 190.1597 190.1691 190.0841 189.9548 189.8765 189.7668 189.6219 189.4453 189.2679 189.0883 188.8506 188.5963 188.3354 188.1041 187.9204 187.7025 187.4512 187.2305 186.9995 186.685 186.3473 185.9914 185.6471 185.2788 184.8165 184.2971 183.7186 183.1295 182.4831 181.721 181.0027 180.3834 179.7772 179.1652
196.5651 196.1745 195.788 195.4131 195.0595 194.7241 194.3739 193.9941 193.6176 193.3154 193.1019 192.8621 192.5595 192.1795 191.8087 191.5614 191.3078 191.157 191.0577 190.8832 190.6807 190.4037 190.2137 190.1671 190.1548 190.1387 190.1688 190.2469 190.3318 190.4585 190.6668 190.7163 190.5507 190.364 190.2672 190.1478 189.991 189.8098 189.6275 189.4513 189.262 189.0814 188.8807 188.6302 188.3427 188.0551 187.7928 187.5249 187.2074 186.8288 186.4034 185.9603 185.5114 185.0492 184.5595 184.0123 183.399 182.6833 181.8747 181.0219 180.1121 179.4142 178.8861 178.3747
196.7858 196.4271 196.0742 195.7145 195.3631 195.0584 194.771 194.4325 194.0663 193.7528 193.4977 193.2144 193.0068 192.7316 192.3297 192.0621 191.8082 191.6552 191.5891 191.4717 191.2782 191.0171 190.8492 190.7944 190.7861 190.8357 190.8083 190.8038 190.8609 190.9654 191.1656 191.1405 190.9295 190.7426 190.6198 190.497 190.3556 190.1851 189.9946 189.807 189.6219 189.4204 189.2287 189.0199 188.7328 188.4022 188.0741 187.7085 187.3094 186.911 186.4244 185.8899 185.3509 184.7934 184.1955 183.561 182.8453 181.9849 180.9784 179.9033 178.8814 178.1788 177.7 177.26
196.9721 196.6512 196.332 196.026 195.7283 195.4208 195.1334 194.8387 194.5149 194.1848 193.8786 193.5833 193.3676 193.1261 192.7997 192.5673 192.4013 192.2491 192.0935 191.9308 191.7552 191.6054 191.4927 191.4249 191.4177 191.4464 191.4183 191.3642 191.3556 191.3788 191.3724 191.3332 191.2536 191.125 190.9717 190.8339 190.7043 190.5578 190.3702 190.1464 189.9312 189.7301 189.5199 189.2962 189.0616 188.7691 188.366 187.8748 187.3533 186.7747 186.0799 185.6409 185.2221 184.5121 183.7667 183.0591 182.1635 181.0248 179.771 178.5156 177.4809 176.8314 176.4984 176.2254
197.0955 196.8127 196.5402 196.2678 195.9972 195.7359 195.4557 195.1661 194.8705 194.5589 194.2426 193.9385 193.7155 193.5109 193.2524 193.0302 192.851 192.6944 192.5406 192.3823 192.2336 192.1153 192.0434 192.008 191.9825 191.9535 191.9291 191.8902 191.8451 191.8181 191.7792 191.712 191.6109 191.476 191.3218 191.1713 191.0203 190.8566 190.6608 190.4304 190.2038 190.0211 189.8192 189.5636 189.3022 189.0088 188.5626 188.0259 187.467 186.7793 185.9428 185.1923 184.5324 183.8745 183.207 182.3092 181.0882 179.66 178.2263 177.0258 176.3452 175.9352 175.5112 175.1644
197.1287 196.8894 196.6503 196.4154 196.1896 195.9617 195.7082 195.431 195.1614 194.8973 194.6005 194.3019 194.0715 193.8536 193.5939 193.3944 193.2211 193.0572 192.9112 192.78 192.6608 192.5725 192.53 192.5141 192.4953 192.4707 192.4476 192.4146 192.3699 192.3214 192.2521 192.157 192.0318 191.8727 191.6888 191.5037 191.3132 191.1013 190.8756 190.6658 190.4849 190.2866 190.058 189.7973 189.4832 189.1302 188.6491 188.0565 187.4484 186.7877 185.9092 184.9539 184.1167 183.4029 182.5743 181.2431 179.5214 177.8561 176.6897 176.1403 175.8061 175.3872 174.8914 174.4012
-9999 -9999 196.6679 196.4777 196.2714 196.0699 195.8915 195.6769 195.4165 195.1622 194.9131 194.633 194.3749 194.1329 193.8696 193.6565 193.4931 193.3468 193.2169 193.1222 193.0469 192.9963 192.9799 192.9891 192.9945 192.9761 192.9522 192.9375 192.9142 192.8586 192.7803 192.6665 192.5058 192.3071 192.0871 191.8475 191.5915 191.3284 191.0702 190.8334 190.6299 190.4529 190.2479 189.9646 189.6185 189.2326 188.743 188.1049 187.3359 186.4824 185.6232 184.6924 183.8079 182.9148 181.5337 179.6178 177.6693 176.3833 175.8469 175.4893 175.1579 174.9888 174.8818 174.5161
-9999 -9999 -9999 -9999 -9999 -9999 195.9564 195.7899 195.5814 195.3689 195.1503 194.9186 194.6681 194.4199 194.1817 193.9249 193.7254 193.5774 193.4719 193.4328 193.4166 193.4133 193.4325 193.466 193.4851 193.4781 193.4554 193.4392 193.4178 193.3647 193.2892 193.1756 192.9834 192.7315 192.48 192.1988 191.8785 191.5449 191.2317 190.9589 190.7248 190.4881 190.1989 189.9082 189.6798 189.3382 188.8089 188.0705 187.1441 186.1332 185.101 184.1808 183.3286 182.072 180.0077 177.6745 176.1617 175.5762 175.2867 175.1595 175.0307 175.0113 175.124 175.0748
-9999 -9999 -9999 -9999 -9999 -9999 -9999 -9999 -9999 195.4482 195.2944 195.1281 194.907 194.634 194.3686 194.1283 193.9167 193.7673 193.7142 193.7448 193.8126 193.8742 193.9172 193.9449 193.9608 193.9658 193.9584 193.932 193.8891 193.8378 193.7649 193.6447 193.4484 193.1911 192.9039 192.5537 192.1628 191.7627 191.3798 191.0474 190.7607 190.4755 190.1589 189.854 189.6039 189.2668 188.6965 187.8538 186.8126 185.6931 184.566 183.5983 182.4596 180.6563 178.4556 176.6181 175.7146 175.4661 175.3164 175.2598 175.345 175.5886 175.901 176.131
-9999 -9999 -9999 -9999 -9999 -9999 -9999 -9999 -9999 -9999 -9999 -9999 194.9578 194.7317 194.4387 194.2164 194.0903 194.0632 194.1119 194.1758 194.2488 194.3359 194.4083 194.4466 194.4691 194.4821 194.4881 194.474 194.4315 194.3622 194.2527 194.106 193.9126 193.6535 193.3211 192.9101 192.4484 191.9793 191.5338 191.1316 190.7903 190.509 190.178 189.7757 189.4583 189.1577 188.5431 187.516 186.262 184.942 183.7741 182.6205 181.0262 179.069 177.5712 176.5332 175.9417 175.7341 175.7326 175.9127 176.1585 176.391 176.6159 176.8238
-9999 -9999 -9999 -9999 -9999 -9999 -9999 -9999 -9999 -9999 -9999 -9999 -9999 194.7023 194.4612 194.4565 194.5078 194.512 194.5602 194.6496 194.7401 194.8148 194.8684 194.8977 194.9135 194.9259 194.9332 194.9237 194.8941 194.8424 194.7415 194.5606 194.3134 194.0131 193.6409 193.2406 192.7786 192.2347 191.6855 191.2315 190.8805 190.5581 190.2374 189.8988 189.4799 189.1252 188.3667 187.0131 185.4753 184.0359 182.8822 181.7493 180.2637 178.6282 177.5424 176.8899 176.5666 176.4974 176.5496 176.776 177.0905 177.3773 177.6232 177.8443
-9999 -9999 -9999 -9999 -9999 -9999 -9999 -9999 -9999 -9999 -9999 -9999 -9999 194.7549 194.7408 194.8183 194.8944 194.9122 194.9487 195.0254 195.0956 195.1495 195.1863 195.2053 195.2228 195.2391 195.2433 195.239 195.2219 195.167 195.0759 194.9295 194.6632 194.2849 193.9011 193.4677 192.9523 192.365 191.7733 191.2786 190.8759 190.4937 190.0863 189.6819 189.2932 188.7382 187.6982 186.1299 184.4144 183.0342 182.1496 181.3945 180.3048 178.9823 178.0791 177.7159 177.6712 177.7614 177.9299 178.1358 178.3904 178.6268 178.8154 178.9935
-9999 -9999 -9999 -9999 -9999 -9999 -9999 -9999 -9999 -9999 -9999 -9999 -9999 -9999 194.8813 194.9713 195.0666 195.1122 195.1451 195.1994 195.2625 195.3204 195.3658 195.3999 195.4309 195.4575 195.4637 195.4468 195.4213 195.3833 195.2783 195.1257 194.8847 194.4989 194.0339 193.5232 192.9517 192.3485 191.7828 191.2608 190.7798 190.3179 189.8582 189.4328 189.0008 188.1001 186.7253 185.0458 183.3446 182.292 181.6291 181.133 180.516 179.6198 179.0922 178.9989 179.0885 179.2311 179.4426 179.6615 179.8792 180.0462 180.1616 180.2911
-9999 -9999 -9999 -9999 -9999 -9999 -9999 -9999 -9999 -9999 -9999 -9999 -9999 -9999 -9999 -9999 -9999 -9999 195.2499 195.2815 195.3339 195.4005 195.4495 195.4789 195.5079 195.5295 195.5538 195.5532 195.4991 195.4282 195.339 195.1813 194.9292 194.5753 194.0879 193.5255 192.9804 192.4316 191.79 191.1018 190.563 190.124 189.6582 189.1366 188.4417 187.4633 186.0226 184.2838 182.8305 182.0125 181.6038 181.265 180.898 180.6016 180.4547 180.5419 180.7166 180.856 181.0373 181.2375 181.4171 181.5453 181.6315 181.7062
-9999 -9999 -9999 -9999 -9999 -9999 -9999 -9999 -9999 -9999 -9999 -9999 -9999 -9999 -9999 -9999 -9999 -9999 -9999 -9999 -9999 -9999 195.493 195.5108 195.5446 195.5594 195.5465 195.5271 195.4864 195.3801 195.2605 195.1062 194.8685 194.5267 194.0632 193.5371 192.9989 192.4578 191.8909 191.264 190.6306 190.0092 189.4568 188.9104 187.9998 186.7878 185.3534 183.826 182.6048 182.0549 182.006 182.0207 181.9621 181.9872 182.0567 182.1263 182.2344 182.4004 182.5591 182.7046 182.8282 182.9027 182.9349 182.9647
-9999 -9999 -9999 -9999 -9999 -9999 -9999 -9999 -9999 -9999 -9999 -9999 -9999 -9999 -9999 -9999 -9999 -9999 -9999 -9999 -9999 -9999 -9999 -9999 195.5667 195.5522 195.5078 195.4519 195.3921 195.2642 195.1012 194.9385 194.7117 194.3667 194.0011 193.6478 193.1771 192.5271 191.8323 191.2119 190.5699 189.9055 189.2956 188.6503 187.7477 186.6997 185.4074 183.9776 182.9836 182.6218 182.704 182.9451 183.1421 183.2054 183.2163 183.2925 183.4181 183.5285 183.6345 183.7134 183.7522 183.7564 183.75 183.7516
-9999 -9999 -9999 -9999 -9999 -9999 -9999 -9999 -9999 -9999 -9999 -9999 -9999 -9999 -9999 -9999 -9999 -9999 -9999 -9999 -9999 -9999 -9999 -9999 195.5277 195.4907 195.4614 195.3909 195.2564 195.0773 194.9413 194.737 194.4216 194.121 193.7939 193.4548 193.0832 192.5561 191.8043 191.0036 190.3479 189.7835 189.1803 188.5325 187.8093 187.0993 186.1976 185.1261 184.4067 184.1904 184.2675 184.4276 184.5395 184.5054 184.4229 184.4383 184.5524 184.6599 184.7083 184.6805 184.6291 184.5845 184.5236 184.4296
-9999 -9999 -9999 -9999 -9999 -9999 -9999 -9999 -9999 -9999 -9999 -9999 -9999 -9999 -9999 -9999 -9999 -9999 -9999 -9999 -9999 -9999 -9999 -9999 -9999 195.4798 195.4107 195.2765 195.0901 194.9415 194.743 194.4311 194.0671 193.7615 193.5884 193.3728 192.9934 192.5257 192.0161 191.3135 190.5207 189.8535 189.3254 188.7637 188.1385 187.5429 187.1023 186.7591 186.395 186.2652 186.2507 186.1591 186.044 185.9816 185.8086 185.6691 185.6745 185.7113 185.6702 185.5228 185.3543 185.2274 185.0939 184.8987
